0 0
1 1
2 0
3 0
4 0
5 1
6 1
7 0
8 0
9 1
10 0
11 1
12 1
13 0
14 1
15 1
16 0
17 0
18 0
19 0
20 1
21 0
22 0
23 1
24 1
25 1
26 1
27 1
28 0
29 1
30 1
31 0
32 0
33 1
34 0
35 0
36 0
37 1
38 1
39 1
40 1
41 1
42 1
43 1
44 0
45 1
46 0
47 0
48 0
49 0
50 1
51 0
52 1
53 1
54 0
55 1
56 1
57 0
58 0
59 0
60 0
61 0
62 0
63 1
64 0
65 0
66 1
67 1
68 0
69 0
70 1
71 1
72 0
73 0
74 1
75 1
76 1
77 1
78 0
79 0
80 0
81 0
82 0
83 0
84 0
85 0
86 1
87 1
88 0
89 0
90 1
91 0
92 1
93 1
94 0
95 1
96 1
97 1
98 1
99 0
100 0
101 0
102 1
103 1
104 1
105 0
106 1
107 1
108 0
109 1
110 1
111 1
112 0
113 0
114 0
115 1
116 1
117 1
118 0
119 0
120 0
121 1
122 0
123 1
124 1
125 0
126 1
127 1
128 1
129 1
130 0
131 1
132 0
133 1
134 1
135 1
136 1
137 1
138 0
139 0
140 1
141 0
142 0
143 1
144 0
145 0
146 0
147 0
148 1
149 0
150 0
151 1
152 1
153 0
154 1
155 0
156 1
157 1
158 1
159 1
160 1
161 0
162 0
163 0
164 0
165 1
166 0
167 0
168 1
169 0
170 0
171 0
172 0
173 1
174 0
175 1
176 0
177 0
178 0
179 0
180 1
181 0
182 1
183 1
184 0
185 1
186 1
187 0
188 1
189 0
190 1
191 1
192 1
193 0
194 1
195 0
196 1
197 1
198 1
199 1
200 0
201 0
202 1
203 1
204 1
205 0
206 1
207 0
208 1
209 1
210 1
211 0
212 0
213 0
214 0
215 1
216 1
217 0
218 1
219 0
220 1
221 0
222 0
223 0
224 1
225 0
226 0
227 0
228 0
229 1
230 0
231 1
232 1
233 1
234 1
235 0
236 0
237 0
238 1
239 0
240 0
241 0
242 1
243 0
244 1
245 1
246 0
247 1
248 1
249 0
250 1
251 0
252 0
253 1
254 1
255 1
256 0
257 1
258 1
259 1
260 0
261 1
262 1
263 0
264 0
265 0
266 0
267 0
268 1
269 1
270 0
271 0
272 0
273 1
274 1
275 0
276 0
277 0
278 0
279 1
280 1
281 1
282 0
283 1
284 1
285 0
286 1
287 0
288 0
289 1
290 0
291 1
292 0
293 0
294 0
295 1
296 0
297 0
298 1
299 0
300 1
301 1
302 0
303 0
304 1
305 0
306 0
307 1
308 0
309 0
310 0
311 0
312 0
313 0
314 0
315 0
316 1
317 0
318 1
319 1
320 1
321 1
322 0
323 1
324 0
325 1
326 0
327 0
328 0
329 1
330 0
331 1